tensor([[-0.3333,  0.0000,  0.0000,  0.3333,  0.3333],
        [ 0.0000,  0.0000, -0.3333,  0.0000, -0.3333],
        [ 1.0000, -2.0000,  4.3333, -4.3333, -0.3333],
        [ 0.3333, -1.0000,  3.0000, -3.0000, -0.6667],
        [-1.0000,  2.0000, -3.6667,  3.6667,  0.0000],
        [ 1.0000, -2.3333,  4.6667, -4.6667, -0.3333]], device='cuda:0')
tensor([-0.3333,  0.0000,  0.6667,  1.3333, -0.3333,  1.0000], device='cuda:0')
tensor([[-0.3333,  0.3333, -0.3333, -0.3333,  0.0000,  0.3333],
        [ 0.0000,  0.3333, -4.3333,  0.6667, -2.0000,  1.0000],
        [ 0.3333,  0.3333, -1.3333,  1.0000, -1.3333, -4.0000],
        [-0.3333, -0.3333,  0.3333, -1.3333,  1.6667, -3.6667]],
       device='cuda:0')
tensor([-0.3333,  0.0000,  0.6667,  0.0000], device='cuda:0')
