tensor([[-0.1429,  0.2857,  0.2857,  0.1429,  0.0000,  0.0000,  0.4286,  0.1429,
         -0.2857, -0.2857, -0.1429,  0.0000,  0.0000,  0.0000,  0.0000, -0.0000,
         -0.0000,  0.1429],
        [ 0.0000, -0.0000, -0.0000, -0.1429, -0.0000,  0.0000, -0.0000, -0.1429,
         -0.0000,  0.0000,  0.0000, -0.0000,  0.0000,  0.0000, -0.1429, -0.0000,
         -0.0000,  0.0000],
        [ 0.1429, -0.4286, -0.1429, -0.1429, -0.0000, -0.0000, -0.2857, -0.1429,
         -0.1429,  0.1429,  0.1429,  0.0000,  0.0000, -0.0000, -0.0000,  0.0000,
         -0.0000, -0.0000],
        [ 0.0000,  0.1429, -0.1429, -0.1429,  0.0000,  0.0000, -0.1429,  0.0000,
         -0.5714,  0.1429,  0.1429,  0.0000,  0.0000,  0.0000,  0.1429,  0.0000,
         -0.0000, -0.0000],
        [ 0.2857, -0.5714, -0.2857, -0.1429,  0.0000,  0.0000, -0.5714, -0.2857,
          0.2857,  0.2857,  0.1429,  0.0000,  0.0000,  0.0000, -0.1429,  0.0000,
         -0.1429,  0.0000],
        [-0.2857,  0.4286,  0.2857,  0.1429,  0.0000,  0.0000,  0.5714,  0.2857,
         -0.4286, -0.2857, -0.1429, -0.0000,  0.0000, -0.0000,  0.0000,  0.0000,
          0.0000, -0.0000]], device='cuda:0')
tensor([-0.1429,  0.0000,  0.2857,  0.0000,  0.0000, -0.7143], device='cuda:0')
tensor([[-0.1429,  0.1429, -0.1429, -0.0000,  0.1429, -0.0000],
        [ 0.2857,  0.1429, -0.5714,  0.4286,  0.5714, -1.0000]],
       device='cuda:0')
tensor([-0.1429,  0.0000], device='cuda:0')
