tensor([[-0.0625,  0.0221, -0.3985,  1.1716,  0.0236],
        [-0.0769, -0.1259, -1.1101,  3.8665, -0.0075],
        [ 0.0107,  0.0621,  0.2354, -0.8890,  0.0729],
        [ 0.0194, -0.0810, -0.2327,  1.0104,  0.0127],
        [ 0.3381, -0.1585, -0.1028,  0.0371, -0.3057],
        [ 0.0728,  0.1023,  0.9771, -3.3739,  0.0069]], device='cuda:0')
tensor([ 0.1679, -0.9573,  0.3083,  0.5210, -0.4060,  1.4170], device='cuda:0')
tensor([[-0.8913, -1.6008,  0.4276, -0.6498,  0.2199,  1.2210],
        [ 0.7017, -3.1389, -0.4902,  0.7042, -0.2411, -1.0098],
        [ 0.0933, -1.5757, -0.5154,  0.4194,  0.3169, -3.0870],
        [ 0.2726,  1.2630, -0.1060,  0.2625,  0.3476, -1.0160]],
       device='cuda:0')
tensor([-0.1643,  0.8770,  1.6071, -1.3340], device='cuda:0')
