tensor([[ 0.1590, -0.0738,  2.4560, -6.2976, -0.0192],
        [ 0.0921, -0.0435,  1.4272, -3.6548, -0.0097],
        [-0.0528,  0.0212, -0.8231,  2.1199,  0.0083],
        [-0.0868,  0.1045, -0.7809,  1.8973,  0.0585],
        [ 0.2552,  0.3261, -0.4162,  0.1945, -0.3145],
        [-0.0482,  0.1454,  0.3512, -1.1012,  0.1042]], device='cuda:0')
tensor([ 1.7177,  2.0081, -0.4198,  0.0077, -0.3228,  0.5813], device='cuda:0')
tensor([[ 0.4494,  0.5178, -0.6830, -0.5565,  0.2393,  0.0904],
        [-2.1784,  1.5229, -1.7364, -0.8522,  0.1977,  0.3982],
        [-5.6602,  1.0995, -0.2213, -0.5450, -0.3154,  0.3816],
        [-0.2005, -1.9676,  0.3444,  0.7077,  0.3580, -0.4535]],
       device='cuda:0')
tensor([-0.6746,  0.2300,  0.7495, -0.0286], device='cuda:0')
