tensor([[-0.1589,  0.0210, -0.2547,  0.0691, -0.1443],
        [-0.1289,  0.1636, -1.8130,  4.1557,  0.0244],
        [-0.1895, -0.3203,  0.1020, -0.1985, -0.4150],
        [ 0.1312, -0.1665,  1.8414, -4.2198, -0.0247],
        [ 0.2284, -0.2063,  0.0961, -0.2583, -0.3284],
        [-0.4431, -0.4245, -0.2835, -0.2655,  0.1982]], device='cuda:0')
tensor([-0.3217, -0.8287, -0.0648,  1.5038, -0.2789,  0.1680], device='cuda:0')
tensor([[ 0.0887, -1.2041,  0.3434,  1.4711,  0.2775, -0.1377],
        [-0.0609, -3.0034,  0.3631, -1.4899, -0.0275, -0.3004],
        [ 0.1054, -1.4672,  0.1732, -3.1782,  0.2602,  0.1332],
        [-0.3085,  1.4708, -0.0194, -2.7075,  0.1601,  0.0317]],
       device='cuda:0')
tensor([-1.0329,  2.0126,  2.0362, -1.0823], device='cuda:0')
