tensor([[ 2.6015e-03,  1.5796e-01, -3.1129e-01,  3.3236e-01,  1.4687e-01],
        [-9.4019e-02, -2.4010e-01,  1.2980e-01,  2.1944e-02,  5.0448e-02],
        [ 3.2231e-02,  2.4821e-01, -2.1062e-01,  5.3052e-01, -2.9669e-01],
        [-8.0445e-02, -1.4889e-01, -1.0093e+00,  3.8280e+00, -5.6649e-02],
        [-1.2155e-01, -2.1905e-01, -1.5306e+00,  5.7701e+00, -7.2709e-02],
        [ 4.5399e-02,  8.8727e-02,  5.4510e-01, -2.0968e+00,  3.4996e-02]],
       device='cuda:0')
tensor([-0.0311, -0.1332, -0.2900, -0.1703, -1.9936,  0.9047], device='cuda:0')
tensor([[-0.0974, -0.1973,  0.2011, -1.9783, -0.4754,  0.4908],
        [ 0.0582, -0.1231, -0.1618,  1.2192, -5.1830, -0.3366],
        [ 0.1517, -0.2024, -0.1689,  1.6308, -2.0556, -1.9499],
        [-0.0241, -0.0147,  0.0650,  0.7153,  0.5695, -0.5504]],
       device='cuda:0')
tensor([ 0.5951,  0.2758, -0.4292, -1.4577], device='cuda:0')
