tensor([[-0.1017, -0.2207, -0.9766,  4.8314, -1.0515],
        [-0.3938,  0.2578, -0.0368, -0.1589, -0.3816],
        [ 0.0528,  0.1138,  0.5077, -2.6059,  0.5646],
        [-0.1583, -0.2369, -0.0203,  0.1926, -0.2946],
        [ 0.0536, -0.1150,  0.0182,  0.1367,  0.0447],
        [-0.1407, -0.3199, -1.4428,  7.2676, -1.5676]], device='cuda:0')
tensor([-0.1721, -0.3781,  0.9037, -0.2030,  0.0036, -1.9492], device='cuda:0')
tensor([[-2.2797, -0.1274,  0.2708, -0.3834,  0.0998, -1.8755],
        [ 1.2507,  0.2243, -0.3141,  0.0530,  0.1109, -5.9894],
        [ 1.6474, -0.0275, -2.3667, -0.1474,  0.0215, -2.1072],
        [ 0.6063, -0.3826, -0.6906,  0.3615, -0.3244,  0.5362]],
       device='cuda:0')
tensor([ 0.7721,  0.2634, -0.3486, -1.1831], device='cuda:0')
