tensor([[ 1.3440e-01,  2.5580e-01,  1.5129e+00, -6.1531e+00,  2.4972e-01],
        [ 3.0138e-02, -1.2000e-01,  1.0150e-01,  3.0400e-01, -3.7705e-01],
        [ 8.2918e-02,  1.4592e-01,  8.6865e-01, -3.5037e+00,  1.4183e-01],
        [-5.8494e-02, -1.0934e-01, -6.4912e-01,  2.6375e+00, -1.0570e-01],
        [-2.1106e-01,  2.7158e-01, -7.9350e-02, -3.3602e-01,  2.0700e-01],
        [ 1.0617e-01, -5.9542e-03,  8.7704e-02,  1.2673e-01, -3.1549e-02]],
       device='cuda:0')
tensor([ 1.8350, -0.3826,  2.0807, -0.5664, -0.3325, -0.0121], device='cuda:0')
tensor([[ 0.7400, -0.2568,  0.3368, -0.7416, -0.2973, -0.1428],
        [-1.8525,  0.2422,  1.6245, -1.6694,  0.3648, -0.1282],
        [-5.1767,  0.0468,  1.0145, -0.7279, -0.2904, -0.0336],
        [-1.9696,  0.2114, -1.8992,  0.9848,  0.1642,  0.0362]],
       device='cuda:0')
tensor([-0.8577, -0.2158,  0.7485, -0.0240], device='cuda:0')
