tensor([[ 0.0715,  0.1454,  0.7692, -3.3654,  0.2797],
        [ 0.0639,  0.1295,  0.6868, -3.0078,  0.2493],
        [ 0.0297,  0.0575,  0.3067, -1.3404,  0.1121],
        [-0.0357, -0.0726, -0.3817,  1.6628, -0.1401],
        [ 0.0681,  0.1407,  0.7423, -3.2491,  0.2697],
        [-0.3715,  0.2585, -0.0518, -0.2533, -0.2295]], device='cuda:0')
tensor([ 1.3427,  1.7205,  0.3028,  0.3435,  0.6936, -0.1242], device='cuda:0')
tensor([[ 0.1116,  0.9757,  0.2815, -0.9618,  0.2277, -0.4079],
        [ 0.3943,  1.1113, -1.2988, -0.7397, -3.1032,  0.1363],
        [-3.5058,  1.6466, -0.1429, -0.5759, -0.3229,  0.1552],
        [ 0.0285, -1.9192,  0.2175,  0.8739, -0.3094, -0.1127]],
       device='cuda:0')
tensor([-0.5542,  0.1149,  0.7487, -0.1448], device='cuda:0')
