tensor([[ 2.8826e-01, -3.0223e-01,  2.7991e-01,  2.3636e-02, -3.5095e-01],
        [-2.2767e-01, -3.2030e-01, -1.5228e-01,  3.0351e-03,  2.4569e-01],
        [-3.8583e-01, -1.7316e-01, -3.8010e-01, -3.4125e-01,  3.5764e-01],
        [-7.6857e-02, -2.3208e-02, -1.2128e+00,  3.4435e+00,  5.9544e-03],
        [-8.8884e-02, -2.7003e-02, -1.3922e+00,  3.9577e+00,  6.5764e-03],
        [-6.8402e-02, -2.0847e-02, -1.0761e+00,  3.0581e+00,  5.3501e-03]],
       device='cuda:0')
tensor([-0.2218, -0.1588, -0.3934, -1.3652, -0.8481, -0.1261], device='cuda:0')
tensor([[-0.0136, -0.4016, -0.1391, -0.3771, -2.4932, -2.0992],
        [ 0.1672,  0.1097,  0.1700, -0.1288, -2.9900,  1.9361],
        [-0.3478,  0.1115,  0.3306, -3.4220,  0.8583,  0.8146],
        [ 0.2264,  0.3982,  0.0519, -0.0826,  1.3310,  0.4125]],
       device='cuda:0')
tensor([ 1.0002e+00,  7.6533e-05, -4.7946e-01, -1.5482e+00], device='cuda:0')
