tensor([[-0.0436, -0.1056, -0.4741,  2.2503, -0.3216],
        [-0.0677, -0.1314, -0.6703,  3.1074, -0.4428],
        [ 0.0722, -0.3423, -0.2522, -0.2602,  0.1010],
        [-0.0297,  0.1305,  0.0881, -0.8207,  0.1284],
        [ 0.0835,  0.1875,  0.8766, -4.1281,  0.5892],
        [ 0.0361,  0.0815,  0.3797, -1.7858,  0.2554]], device='cuda:0')
tensor([-0.4224, -0.6370, -0.1567,  0.1456,  1.4013,  0.9462], device='cuda:0')
tensor([[-0.3142, -0.9695,  0.0873, -0.2403,  1.4394,  0.1919],
        [-2.0265, -2.3653,  0.1995, -0.5479, -1.7075,  0.4927],
        [-0.5142, -0.9677,  0.0413, -0.2480, -3.7473,  1.0902],
        [ 0.4350,  1.2692,  0.0868, -0.0043, -0.1202, -1.2968]],
       device='cuda:0')
tensor([-1.0074,  1.7549,  1.3993, -0.6824], device='cuda:0')
