tensor([[ 1.1369e-01,  8.2609e-02,  1.3343e+00, -4.1319e+00, -2.7328e-02],
        [ 2.3505e-02,  4.5612e-02,  6.1271e-01, -1.9864e+00,  1.2922e-02],
        [-2.2262e-02, -3.9280e-02, -5.3384e-01,  1.7223e+00, -7.7324e-03],
        [ 1.0365e-01, -1.7658e-02,  1.3747e-01, -1.5021e-01, -8.1373e-02],
        [-8.8961e-02,  1.8558e-01, -4.2258e-01, -6.2093e-02,  9.5718e-02],
        [-6.5140e-02, -7.0137e-02, -1.0286e+00,  3.2524e+00,  2.2548e-03]],
       device='cuda:0')
tensor([ 1.4872,  1.1714, -0.6112,  0.8704, -0.3308, -0.7191], device='cuda:0')
tensor([[ 1.1676,  0.4910, -0.8194, -0.2133,  0.1685, -0.1626],
        [-1.5260,  0.2673, -0.3374,  0.5043,  0.2265, -3.0378],
        [-3.4310,  0.9710, -0.7398,  0.3809,  0.3122, -0.7075],
        [-2.2279, -1.5741,  1.1292, -0.1103,  0.0766,  0.4105]],
       device='cuda:0')
tensor([-0.9335,  1.2782,  0.8471,  0.1056], device='cuda:0')
