tensor([[-1.1642e-01,  2.2152e-01, -1.3668e+00,  2.7659e+00, -4.0183e-04],
        [ 1.0820e-01, -2.0392e-01,  1.2781e+00, -2.5903e+00, -2.7876e-03],
        [ 1.0174e-01, -1.9267e-01,  1.1869e+00, -2.4047e+00, -8.3486e-04],
        [-1.8695e-01,  3.5369e-01, -2.2087e+00,  4.4743e+00,  3.4411e-03],
        [-3.0937e-01, -2.4806e-01, -1.9931e-01,  2.2411e-01, -1.3837e-01],
        [-3.0411e-01,  1.1341e-01, -4.2327e-02, -2.9946e-02, -2.4022e-01]],
       device='cuda:0')
tensor([-0.0991,  0.9201,  0.8217, -1.0656, -0.0851,  0.0108], device='cuda:0')
tensor([[-1.8423,  0.3378,  1.0117, -0.0837,  0.3648,  0.1996],
        [ 1.2340, -0.7029, -0.5266, -4.3978, -0.3054,  0.4057],
        [ 0.7060, -2.6225, -1.8053, -1.9536,  0.1766, -0.0579],
        [ 1.0942, -0.6777, -1.3505,  0.7732, -0.3383, -0.1020]],
       device='cuda:0')
tensor([-0.0542,  0.9822,  1.3994, -1.3716], device='cuda:0')
