tensor([[-0.2000, -0.4000, -0.2667,  0.2667, -0.3333],
        [-0.1333,  0.1333, -1.4000,  2.5333, -0.2000],
        [-0.0667,  0.0667, -1.0000,  1.8667, -0.1333],
        [-0.0667,  0.0667, -0.7333,  1.4667,  0.0000],
        [-0.0667,  0.1333, -0.9333,  1.7333, -0.1333],
        [-0.1333,  0.1333, -1.4667,  2.6667, -0.2000],
        [ 0.1333, -0.2000,  2.0000, -3.6667,  0.2667],
        [-0.2000,  0.2667, -2.5333,  4.7333, -0.3333]], device='cuda:0')
tensor([ 0.0667, -0.0667, -0.5333,  0.1333, -0.0667, -0.7333,  0.8667, -0.6667],
       device='cuda:0')
tensor([[ 0.3333, -1.6667,  0.2667, -0.6000, -0.8000,  0.0667,  1.0667, -0.8000],
        [ 0.3333,  1.1333,  0.1333,  0.8667,  0.9333, -0.0667, -1.1333, -4.2000],
        [ 0.0667,  0.2667, -1.7333,  0.2667,  0.2667, -2.5333, -2.8667, -0.4000],
        [-0.3333,  0.9333,  0.0667,  0.0667,  0.4667,  0.4000, -1.4000,  1.0000]],
       device='cuda:0')
tensor([ 0.2667,  0.6667,  0.8000, -1.3333], device='cuda:0')
