tensor([[-0.4000,  1.0667, -3.0000,  3.6667,  0.0667],
        [-0.4667,  1.0667, -2.7333,  3.3333,  0.0000],
        [ 0.6667, -1.6000,  4.4000, -5.4000, -0.0667],
        [-0.2667, -0.2000,  0.0667, -0.2000, -0.4000],
        [ 0.2667, -0.2667, -0.2000, -0.0667,  0.2000],
        [ 0.4667, -1.0000,  2.7333, -3.2667,  0.0000],
        [-0.1333,  0.1333,  0.4667, -0.6000, -0.2667],
        [-0.2667,  0.1333,  0.0000, -0.2000,  0.2000]], device='cuda:0')
tensor([-0.4667, -0.4000,  1.1333, -0.0667, -0.3333,  1.0667,  0.5333,  0.0000],
       device='cuda:0')
tensor([[-0.4000, -0.8667,  1.3333,  0.2667,  0.2667,  0.9333, -0.2000,  0.2667],
        [-3.2667, -2.6000, -1.8000,  0.3333, -0.2667, -0.2667,  0.0000,  0.2667],
        [-0.7333, -0.8667, -4.8667,  0.3333,  0.3333,  1.3333,  0.3333, -0.2667],
        [ 0.4000,  0.9333, -2.2667,  0.0000, -0.0667, -2.2667, -0.0667,  0.2667]],
       device='cuda:0')
tensor([-1.2000,  2.0667,  1.0667,  0.0667], device='cuda:0')
