tensor([[-0.4000,  1.0000, -3.6667,  4.9333,  0.0000],
        [ 0.2000, -0.2000,  0.6667, -0.8667, -0.1333],
        [ 0.2000, -0.4000,  0.6000, -0.4667,  0.2000],
        [-0.4667,  1.0667, -3.8000,  5.2000,  0.0667],
        [-0.3333,  0.0000, -0.4000,  0.4000, -0.1333],
        [-0.2000,  0.3333, -0.3333,  0.4000, -0.3333],
        [ 0.0000, -0.2667,  0.2667, -0.4000,  0.1333],
        [ 0.3333, -0.7333,  2.6667, -3.6667,  0.0000]], device='cuda:0')
tensor([-1.2000,  0.1333,  0.1333, -0.4667, -0.2000, -0.2000,  0.2000,  0.5333],
       device='cuda:0')
tensor([[-0.0667,  0.4667,  0.2667, -3.5333,  0.2000,  0.0667,  0.2000,  1.0000],
        [-2.2667, -0.4000,  0.1333, -1.9333,  0.0667,  0.1333,  0.0667, -3.8000],
        [-4.3333, -0.4000, -0.1333,  1.9333, -0.3333, -0.2000,  0.0000,  0.0667],
        [ 0.7333, -0.4000, -0.4667,  1.2000, -0.1333, -0.2000, -0.6000,  0.1333]],
       device='cuda:0')
tensor([ 0.4667,  1.4000, -0.4667, -0.9333], device='cuda:0')
