tensor([[-0.3333, -0.2667, -0.4000,  0.2000, -0.1333],
        [-0.2000,  0.0000,  0.2000,  0.0000,  0.1333],
        [ 0.2000, -0.4000,  2.6000, -4.5333,  0.2000],
        [-0.1333,  0.2667, -1.6667,  2.9333, -0.1333],
        [-0.2000,  0.3333, -2.2000,  3.8667, -0.1333],
        [-0.0667,  0.1333, -0.7333,  1.3333, -0.0667],
        [-0.1333, -0.3333,  0.0667,  0.0667, -0.2000],
        [-0.2000,  0.3333, -2.2667,  4.0000, -0.1333]], device='cuda:0')
tensor([-0.2667,  0.2667,  1.2000, -0.1333, -0.5333, -0.0667,  0.0667, -0.7333],
       device='cuda:0')
tensor([[ 0.3333,  0.0667,  0.4000, -2.4000, -1.8000, -1.0000,  0.2000, -0.8667],
        [ 0.0667,  0.0000, -1.4000,  0.8667, -2.9333,  0.6667,  0.0667, -3.2667],
        [ 0.2667,  0.2667, -3.8667,  0.0667, -0.6000, -0.2000, -0.1333, -1.8000],
        [ 0.2000, -0.2667, -0.2667,  1.2000,  0.9333,  0.5333,  0.0000,  0.4000]],
       device='cuda:0')
tensor([ 0.5333,  1.4000,  1.8000, -1.4667], device='cuda:0')
