tensor([[-0.1333,  0.1333, -1.5333,  3.0667, -0.2667],
        [-0.1333,  0.1333, -1.4000,  2.7333, -0.2667],
        [ 0.1333,  0.2667, -0.2000,  0.1333, -0.3333],
        [ 0.2000, -0.2000,  2.4000, -4.7333,  0.4667],
        [-0.2000,  0.2000, -2.4000,  4.7333, -0.4667],
        [-0.0667,  0.2667, -0.2667, -0.2000,  0.2667],
        [ 0.2667, -0.0667, -0.3333, -0.2000, -0.4000],
        [ 0.2000, -0.1333,  0.2667, -0.3333, -0.2667]], device='cuda:0')
tensor([-0.6667, -0.1333, -0.4000,  1.2000, -0.6667, -0.1333, -0.4000, -0.2000],
       device='cuda:0')
tensor([[-0.4000, -1.8000,  0.2667,  1.2000, -0.2667, -0.2000,  0.0000,  0.0000],
        [-2.0667,  1.3333, -0.1333, -1.3333, -3.8667,  0.2667,  0.3333, -0.0667],
        [-1.8000, -0.1333,  0.2667, -3.6000, -0.8000,  0.3333,  0.3333,  0.2000],
        [ 0.4000,  1.2667,  0.1333, -1.6000,  0.9333,  0.0667,  0.0667,  0.1333]],
       device='cuda:0')
tensor([-0.2667,  1.3333,  1.8000, -1.4000], device='cuda:0')
