tensor([[ 0.5333, -1.3333,  2.3333, -2.1333, -0.2000],
        [ 0.4000, -0.4000, -0.2000,  0.0000, -0.4667],
        [-0.4667,  1.1333, -1.8667,  1.7333,  0.0667],
        [-0.4667,  0.1333, -0.2667,  0.2667, -0.2667],
        [-1.3333,  3.0000, -5.4667,  5.0667,  0.6000],
        [ 0.2667,  0.0000,  0.0667, -0.1333, -0.3333],
        [-0.0667, -0.1333,  0.2667, -0.2667,  0.1333],
        [ 1.3333, -3.0000,  5.4667, -5.0000, -0.5333]], device='cuda:0')
tensor([ 0.6667,  0.4000, -0.0667,  0.4000, -0.7333,  0.0667, -0.2000,  1.0000],
       device='cuda:0')
tensor([[ 1.2000,  0.1333, -1.6667, -0.2667, -0.4667, -0.3333, -0.2667,  0.9333],
        [-0.4667, -0.0667,  0.2000,  0.0000, -3.8000, -0.2000, -0.2667, -0.9333],
        [ 0.4000,  0.1333, -0.2667,  0.0667, -0.9333, -0.1333, -0.2667, -4.0667],
        [-2.3333,  0.0000,  1.0667,  0.2000,  0.8000, -0.2000,  0.3333, -0.2000]],
       device='cuda:0')
tensor([-0.5333,  1.2000,  1.0667, -0.2667], device='cuda:0')
