tensor([[-0.4000,  0.1333,  0.0000,  0.2000, -0.1333],
        [-0.2000,  0.4000, -2.0667,  3.0667,  0.0000],
        [ 0.3333, -0.8000,  3.3333, -4.8667,  0.0667],
        [ 0.4000, -0.4000,  0.0000,  0.1333, -0.4000],
        [-0.3333,  0.7333, -3.4667,  5.1333,  0.0000],
        [ 0.2000, -0.4000,  0.8000, -0.8667,  0.1333],
        [ 0.0667, -0.0667,  0.1333, -0.2000,  0.1333],
        [-0.1333,  0.3333, -0.2667,  0.0000, -0.3333]], device='cuda:0')
tensor([-0.2000, -0.1333,  1.2000, -0.3333, -0.7333,  0.9333, -0.1333,  0.0000],
       device='cuda:0')
tensor([[ 0.2667, -1.9333,  0.8667,  0.1333, -1.2667,  0.4000,  0.1333, -0.1333],
        [ 0.2000,  1.5333, -1.0667, -0.1333, -4.0667,  0.1333,  0.0667,  0.1333],
        [-0.0667, -0.5333, -4.0667, -0.1333, -1.4667,  0.7333, -0.1333,  0.2667],
        [-0.0667,  1.6000, -1.4667,  0.3333,  0.7333, -0.8000,  0.2667, -0.3333]],
       device='cuda:0')
tensor([-0.3333,  1.0000,  1.6000, -0.9333], device='cuda:0')
