tensor([[ 0.0667,  0.3333, -0.2667,  0.4000, -0.3333],
        [-0.3333, -0.4000,  0.0000, -0.2000,  0.0667],
        [-1.0000,  2.3333, -4.6667,  4.8000,  0.2667],
        [ 0.3333, -0.8000,  0.7333, -0.5333,  0.6000],
        [ 0.1333, -0.3333,  0.8000, -0.8667, -0.2000],
        [-1.2000,  2.7333, -5.4667,  5.5333,  0.2667],
        [-0.2667,  0.0000, -0.2000, -0.1333, -0.3333],
        [-1.0667,  2.5333, -5.2000,  5.2667,  0.3333]], device='cuda:0')
tensor([-0.3333, -0.0667, -0.1333, -0.0667,  0.2000, -0.7333,  0.0000, -1.2667],
       device='cuda:0')
tensor([[ 0.0667,  0.1333, -3.0667,  0.7333,  0.0667, -2.1333, -0.2667, -0.3333],
        [ 0.2667, -0.3333,  1.9333, -0.1333, -1.0000, -4.6000,  0.0667, -2.2000],
        [-0.2667,  0.2667,  0.9333,  0.0667, -0.2000,  1.0000, -0.2000, -4.8667],
        [-0.1333, -0.2667,  0.8000, -0.8667,  0.1333,  0.8000, -0.0667,  0.5333]],
       device='cuda:0')
tensor([ 0.9333,  0.1333, -0.3333, -1.0667], device='cuda:0')
