tensor([[ 0.2000, -0.3333,  1.8667, -3.0000,  0.0667],
        [-0.2000, -0.0667, -0.4000, -0.1333, -0.1333],
        [-0.2000, -0.1333,  0.2667, -0.4000, -0.2000],
        [-0.2667,  0.4667, -2.6000,  4.1333, -0.1333],
        [-0.2000,  0.4667, -2.4000,  3.8667, -0.0667],
        [-0.4000,  0.2667, -0.0667,  0.2667, -0.3333],
        [ 0.4000, -0.3333,  0.0000, -0.3333, -0.4000],
        [ 0.1333, -0.2667,  1.6667, -2.6667,  0.0667]], device='cuda:0')
tensor([ 0.5333, -0.4667, -0.3333, -0.6000, -1.0000, -0.3333, -0.3333,  0.6667],
       device='cuda:0')
tensor([[ 0.0000,  0.0667, -0.3333, -0.2000,  0.1333, -0.1333, -0.0667,  0.0000],
        [-2.4000,  0.0667, -0.0667, -3.6000, -0.5333,  0.0000,  0.2667, -0.9333],
        [-2.6000,  0.0667, -0.3333,  0.8000, -3.5333, -0.2667, -0.1333, -1.6667],
        [-0.4667, -0.0667,  0.2000,  1.2000,  1.0667,  0.3333,  0.2000, -2.2000]],
       device='cuda:0')
tensor([-0.1333,  1.6000,  0.6000, -0.6667], device='cuda:0')
