tensor([[ 0.6000, -1.4667,  3.3333, -3.6667,  0.0000],
        [-0.6667,  1.5333, -3.8000,  4.3333,  0.2667],
        [ 0.2667,  0.0000, -0.0667, -0.2667, -0.2000],
        [ 0.1333, -0.2667,  0.2000, -0.3333, -0.3333],
        [-0.2000,  0.0000, -0.3333, -0.0667,  0.3333],
        [ 0.8000, -1.9333,  4.6000, -5.2000, -0.2000],
        [-0.3333, -0.3333, -0.2000, -0.1333,  0.2000],
        [ 0.2667, -0.6667,  1.6000, -1.8000, -0.0667]], device='cuda:0')
tensor([ 1.1333, -0.6667, -0.4000, -0.3333, -0.2667,  1.0667,  0.0667,  0.6000],
       device='cuda:0')
tensor([[-0.2000, -0.3333,  0.1333, -0.2667,  0.1333, -0.1333,  0.0667,  0.0667],
        [-0.0667, -3.7333, -0.3333, -0.0667,  0.0000, -1.2000,  0.2667, -0.2000],
        [ 1.0667, -0.6667, -0.2667,  0.2667,  0.0667, -5.2667,  0.1333,  0.8667],
        [-3.1333,  0.4000,  0.1333,  0.2000, -0.1333, -2.3333,  0.3333, -1.0000]],
       device='cuda:0')
tensor([-0.0667,  1.4000,  0.6667,  0.6667], device='cuda:0')
