tensor([[-4.4592e-03, -2.1629e-01, -3.4896e-01,  4.2065e-01,  7.6118e-01],
        [-2.1338e-01,  1.8817e-01, -1.4407e-01,  2.7356e-01, -4.0337e-01],
        [ 1.7660e-01,  4.7297e-02,  1.2997e-01, -1.3539e-01, -2.7629e-01],
        [ 1.2357e+00, -2.7393e+00,  4.8248e+00, -4.3361e+00, -2.9768e-01],
        [-1.1785e+00,  2.6364e+00, -4.8125e+00,  4.4953e+00,  5.7479e-01],
        [-1.2935e-01,  1.0385e-01, -5.5237e-01,  8.7158e-01,  3.4375e-01]],
       device='cuda:0')
tensor([ 0.1490,  0.0266, -0.2119,  1.2105, -0.6467,  0.1280], device='cuda:0')
tensor([[ 0.0856, -0.2102, -0.1820,  1.9301, -1.3798, -0.3446],
        [ 0.5166, -0.0169, -0.2714, -1.0523, -4.1416,  0.3751],
        [-0.0663, -0.2062,  0.2870, -0.3276, -0.0144,  0.2323],
        [-0.3407,  0.3631,  0.2970, -2.5690,  1.0169, -0.0266]],
       device='cuda:0')
tensor([-1.1511,  1.0677, -0.2309,  0.4040], device='cuda:0')
