tensor([[ 0.1484, -0.3066,  0.7449, -0.1500, -1.3884],
        [ 0.2985, -0.4585,  1.0141, -0.0429, -2.1668],
        [ 0.2031, -0.1794,  0.4350, -0.0040, -1.2296],
        [ 0.4093, -0.6506,  1.3948, -0.0313, -3.0118],
        [ 0.0672, -0.2594,  0.3124,  0.2359, -0.7764],
        [ 0.1981, -0.2057,  0.3071,  0.1325,  0.0903]], device='cuda:0')
tensor([ 0.8312,  0.8723,  0.6907,  0.8520,  0.4018, -0.4786], device='cuda:0')
tensor([[-0.0526,  0.7343,  0.2468,  0.6298,  0.4160,  0.3702],
        [ 0.5243,  1.2950,  0.4028, -2.2259,  0.3026,  0.2074],
        [ 1.1211, -1.9463,  1.0332, -1.6912,  0.5150,  0.3548],
        [ 0.0266, -0.3842,  0.0883, -0.1012, -0.3722, -0.0210]],
       device='cuda:0')
tensor([-0.2292, -0.1817, -0.0156, -0.0790], device='cuda:0')
