tensor([[-0.1359, -0.3386, -0.1171, -0.1857,  0.2873],
        [ 0.1626, -0.1497,  0.4355,  0.6453, -2.4284],
        [ 0.0554, -0.1798,  0.0124,  0.4065, -0.4030],
        [-0.0579,  0.0294, -0.2522, -0.1214,  1.1007],
        [-0.0234,  0.0438,  0.2274, -0.3018, -0.1048],
        [-0.1943,  0.2027, -0.5300, -0.8102,  2.9717]], device='cuda:0')
tensor([ 0.0614,  0.6997, -0.0899, -0.3068, -0.0298, -0.5720], device='cuda:0')
tensor([[ 0.2246,  1.6801, -0.1250,  0.3680, -0.0941, -1.9733],
        [-0.3306, -1.8952,  0.1879, -0.8646,  0.0692, -1.9676],
        [-0.2390, -0.1058, -0.1034, -0.3615,  0.1842, -0.1289],
        [-0.3195, -0.2747, -0.3296,  0.7993, -0.2088,  1.3425]],
       device='cuda:0')
tensor([ 0.0600,  0.9975, -0.0845, -0.3435], device='cuda:0')
