tensor([[ 0.2664, -0.4132, -0.1132,  0.2301, -0.0920],
        [-0.5096,  1.2165, -4.1151,  5.5405, -0.0113],
        [-0.2920,  0.1783, -0.3367,  0.2217, -0.2991],
        [-0.3269,  0.7798, -2.5809,  3.4590, -0.0219],
        [ 0.4203, -1.0013,  3.3887, -4.5626,  0.0086],
        [ 0.0698,  0.0831, -0.4422,  0.2056,  0.1086]], device='cuda:0')
tensor([-0.0800, -0.8755,  0.0598, -0.1154,  1.1087, -0.1876], device='cuda:0')
tensor([[-0.2829, -2.6945,  0.3349, -2.4391,  0.8018, -0.2718],
        [-0.0824, -4.6976,  0.1141,  1.5657, -0.9437, -0.0269],
        [ 0.1285, -1.7389, -0.0811, -0.0835, -4.0706,  0.3619],
        [-0.2163,  1.1958,  0.1658,  0.9520, -0.6148,  0.1536]],
       device='cuda:0')
tensor([ 0.2008,  0.9284,  1.9129, -1.3315], device='cuda:0')
