tensor([[-0.1336,  0.4175, -0.2261, -0.1011, -0.2598],
        [-0.6152,  1.2658, -3.5060,  4.2595,  0.0477],
        [ 0.1089,  0.3805, -0.8244,  1.0360, -0.1607],
        [-0.2067,  0.1248,  0.0575,  0.0104, -0.3314],
        [-0.0700,  0.2530, -0.8699,  1.1265,  0.0973],
        [ 0.6076, -1.3330,  3.6524, -4.4577, -0.0424]], device='cuda:0')
tensor([-0.2051, -0.9033,  0.2246,  0.0201, -0.3491,  0.9958], device='cuda:0')
tensor([[-0.1095, -1.7190, -0.6141, -0.3676,  0.0929,  2.1499],
        [-0.0916,  0.0785,  0.2224, -0.1905, -0.0456, -0.0589],
        [-0.1964, -2.2015, -0.4115,  0.3582, -1.1637, -3.2222],
        [-0.0270,  2.2666,  0.6411, -0.1017,  0.0531, -2.8806]],
       device='cuda:0')
tensor([-0.7901, -0.2299,  1.3717, -0.5498], device='cuda:0')
