tensor([[-0.0405, -0.2085,  0.3493, -0.4061, -0.0045],
        [ 0.7142, -1.4132,  2.0837, -1.6817, -0.2347],
        [-0.5276,  1.0876, -1.7215,  1.4127,  0.2767],
        [ 0.0517,  0.0401, -0.2266,  0.0471, -0.2944],
        [ 0.5952, -1.3508,  2.2909, -1.9224, -0.4024],
        [-0.4973,  1.1862, -2.1401,  1.8095,  0.4302]], device='cuda:0')
tensor([ 0.0065,  0.4693, -0.0591, -0.2325,  0.6402, -0.1187], device='cuda:0')
tensor([[-0.2605,  1.0537, -1.2856, -0.2753,  1.0702, -1.4813],
        [-0.3932, -0.1528, -0.1992,  0.2332,  0.0648,  0.0429],
        [-0.3941,  0.0831,  0.2793, -0.3874, -0.3899, -0.2597],
        [ 0.1693, -1.3850,  0.8332, -0.1503, -1.7037,  1.0726]],
       device='cuda:0')
tensor([-0.1994, -0.2401, -0.0797, -0.0199], device='cuda:0')
