tensor([[ 0.4612, -0.9678,  1.5911, -1.0661, -0.7067],
        [ 0.1889, -0.3561, -0.4168, -0.1437,  0.4002],
        [ 0.1929, -0.0976, -0.2814, -0.2269,  0.3898],
        [-0.3878,  0.2341,  0.1106, -0.1977, -0.0225],
        [ 0.0812, -0.3853,  0.0089,  0.3235,  0.5962],
        [-0.7610,  1.5597, -2.7176,  1.9805,  1.3233]], device='cuda:0')
tensor([ 0.5921, -0.3261, -0.2395, -0.0217,  0.4080, -0.5634], device='cuda:0')
tensor([[-3.3872e-01, -2.5650e-01, -2.8399e-01, -2.1818e-01, -1.3405e-01,
         -1.0041e-01],
        [-1.4355e+00,  1.9546e-01, -3.4794e-01,  1.6014e-02,  5.0399e-01,
         -2.6820e+00],
        [ 5.1167e-02, -1.1989e-01,  4.0481e-01, -5.7784e-04,  1.7575e-01,
          6.3968e-02],
        [-1.6082e+00, -1.2113e-01,  3.5646e-01, -2.4943e-01, -2.4378e-01,
          1.2166e+00]], device='cuda:0')
tensor([-0.3088,  0.6368, -0.2766,  0.3726], device='cuda:0')
