tensor([[-0.5728,  1.3648, -3.1016,  3.4459,  0.0452],
        [ 0.1845, -0.0144,  0.4237, -0.1805, -0.3417],
        [-0.1864, -0.3587,  0.0315,  0.4130, -0.0623],
        [-0.2725, -0.2939, -0.2705, -0.4439, -0.1289],
        [ 0.7008, -1.6540,  3.7553, -4.1562, -0.0409],
        [-0.0947, -0.1046,  0.0485,  0.0913, -0.1989]], device='cuda:0')
tensor([-0.3477, -0.4365, -0.2290, -0.1023,  0.4864, -0.1079], device='cuda:0')
tensor([[-2.9333, -0.1766,  0.1564,  0.0114,  2.4588, -0.1382],
        [-3.3273, -0.3485, -0.1304,  0.3692, -3.5823, -0.0064],
        [-0.1564, -0.0231, -0.3705,  0.0984,  0.0326, -0.4014],
        [-0.3508, -0.3253, -0.2978, -0.2188,  0.0939,  0.2148]],
       device='cuda:0')
tensor([-0.0052,  1.1930, -0.1744, -0.3517], device='cuda:0')
