tensor([[-4.0978e-03,  2.7662e-02, -7.3308e-01,  9.3903e-01,  5.2401e-01],
        [-9.3665e-01,  2.0928e+00, -4.2089e+00,  4.2426e+00,  2.0109e-01],
        [-5.9897e-01,  1.3891e+00, -2.9078e+00,  2.9615e+00,  2.1524e-01],
        [-1.2338e+00,  2.8414e+00, -5.6983e+00,  5.7820e+00,  2.9344e-01],
        [ 2.7749e-01, -3.4712e-01, -4.1781e-01, -2.8932e-01,  1.5674e-01],
        [-3.7590e-01,  3.2077e-01, -2.3042e-01, -8.2773e-02,  6.3753e-01]],
       device='cuda:0')
tensor([-0.4584, -0.1525, -0.0765, -0.8994,  0.0025, -0.2006], device='cuda:0')
tensor([[ 0.3292, -2.7105, -1.5049, -1.6930, -0.1231, -0.4367],
        [ 0.2196,  0.9390,  1.1897, -5.6476,  0.3063,  0.0393],
        [-1.0165,  0.7795,  0.3848, -0.9167,  0.2249, -0.1076],
        [-0.5560,  0.9399,  0.4204,  1.1138, -0.2623, -0.2331]],
       device='cuda:0')
tensor([ 1.0602,  0.0942, -0.0727, -1.4328], device='cuda:0')
