tensor([[-0.0154,  0.1730, -0.4186,  0.1936,  0.8766],
        [-0.2848, -0.0482, -0.2641,  0.0804, -0.2796],
        [ 0.1953, -0.4114,  0.9404, -0.5039, -0.3846],
        [ 0.5394, -1.0013,  1.8520, -0.8816, -1.8749],
        [-0.3932,  0.5738, -0.4890,  0.1592,  0.6394],
        [-0.4496,  0.9190, -1.7799,  0.8713,  1.9186]], device='cuda:0')
tensor([ 0.2006, -0.3359,  0.3733,  0.8008, -0.1837, -0.6031], device='cuda:0')
tensor([[-0.2610,  0.0308, -0.1910, -0.1934,  0.0711, -0.2254],
        [ 0.3358,  0.1817,  0.0737, -0.9019, -0.3082, -2.1932],
        [ 0.2829, -0.2814, -0.0957, -2.1834, -0.0535, -1.1575],
        [ 0.8159,  0.3378, -1.1744, -1.7124,  0.9345,  0.5666]],
       device='cuda:0')
tensor([-0.3629,  0.5548,  0.6678, -0.1772], device='cuda:0')
