tensor([[ 1.1131e-01, -1.0295e-01, -3.0181e-01, -2.1172e-01,  3.9940e-01],
        [-2.0290e-01,  1.8795e-02, -3.7366e-01, -1.6121e+00,  4.4821e+00],
        [-9.5756e-02,  2.9251e-02, -2.4144e-01, -8.9884e-01,  2.7297e+00],
        [-2.3018e-01,  2.2041e-01, -2.9394e-01, -4.0427e-01,  6.1587e-01],
        [-4.0502e-01,  1.8885e-01,  5.0849e-02,  1.3352e-03,  1.7440e-01],
        [ 6.2800e-02,  2.4263e-02,  1.6604e-01,  9.7601e-01, -2.7919e+00]],
       device='cuda:0')
tensor([-0.1584, -0.9842, -0.2610,  0.2841,  0.1943,  1.1091], device='cuda:0')
tensor([[ 0.2680, -1.3369, -1.2010, -0.2396, -0.0663,  1.1992],
        [-0.3746, -2.9959,  1.0443,  0.2253,  0.1176, -0.9177],
        [ 0.3100,  0.1910,  0.0430,  0.0556, -0.2591,  0.2994],
        [ 0.1871,  0.5784,  0.5821,  0.2265, -0.1110, -1.5559]],
       device='cuda:0')
tensor([-0.0548,  0.8579, -0.2947, -0.2466], device='cuda:0')
