tensor([[ 0.0752,  0.1926,  0.2112,  0.0390, -0.0225, -0.1514,  0.2219, -0.1957,
         -0.2016,  0.0308, -0.1789, -0.1967, -0.0859,  0.2075, -0.0939, -0.1562,
          0.1902,  0.1960],
        [-0.1353, -0.2099, -0.1998,  0.1642, -0.3823, -0.0404, -0.2307, -0.0074,
         -0.2869,  0.1465,  0.1038, -0.1017, -0.0719, -0.2252, -0.2986, -0.0587,
         -0.0558,  0.2322],
        [-0.1046,  0.0406, -0.2827,  0.1931, -0.2354,  0.0745,  0.0311,  0.0146,
         -0.1309, -0.0306,  0.0683,  0.0117,  0.1723, -0.0821, -0.2979, -0.1167,
         -0.1924, -0.1011],
        [-0.2293,  0.0258,  0.0800,  0.1259, -0.2251, -0.0149, -0.0014,  0.0243,
         -0.0911, -0.0297, -0.1346,  0.0265, -0.0762, -0.0504, -0.2045, -0.0002,
          0.1204, -0.1673]], device='cuda:0')
tensor([ 0.1579,  0.0640, -0.1823, -0.2351], device='cuda:0')
tensor([[-0.0093,  0.3717, -0.1766,  0.2870],
        [ 0.0092, -0.3892,  0.2249,  0.3842]], device='cuda:0')
tensor([0.5068, 0.4932], device='cuda:0')
