tensor([[ 0.2710, -0.6783,  1.9155, -2.2862,  0.1172],
        [-0.2078,  0.5205, -1.5973,  1.9188, -0.0165],
        [-0.2149,  0.5146, -1.4584,  1.7747,  0.0262],
        [ 0.4383, -1.1090,  3.1370, -3.6914,  0.1370],
        [ 0.4469, -1.2029,  3.2784, -3.7774,  0.3071]], device='cuda:0')
tensor([ 0.2246,  0.2082,  0.1861, -0.2895,  0.3809], device='cuda:0')
tensor([[ 1.2712, -0.8766, -0.8609,  3.1505,  1.8858],
        [ 0.8891, -0.2847,  0.3660,  1.6713,  1.3128],
        [ 1.2094, -0.5086, -0.5595, -2.5040,  1.4461],
        [-0.0211, -0.0182,  0.1660, -0.2958,  0.1923],
        [-0.4110, -0.2802,  0.1474, -0.0984, -0.3386]], device='cuda:0')
tensor([-0.0515, -1.6642,  0.3977, -0.4289,  0.0027], device='cuda:0')
tensor([[ 0.2613, -0.1217, -0.0357, -0.1041,  0.3141],
        [ 0.2884,  0.3194, -0.0763,  0.1402,  0.3441],
        [-0.5367,  1.4708, -4.2357,  4.9852, -0.4254],
        [ 0.0092, -0.1911,  0.6785, -0.8650,  0.4166],
        [ 0.3913, -0.5590,  1.1241, -1.3768, -0.7988]], device='cuda:0')
tensor([-0.3325, -0.2971,  0.0884,  0.1007,  0.1420], device='cuda:0')
tensor([[ 1.1154, -1.9138,  0.1674, -0.1823, -0.2624, -0.2903, -0.1227, -2.0790,
          0.5430,  0.2684],
        [-1.3999,  0.1030,  1.8220, -0.1551,  0.1740,  0.1914, -0.2786, -5.9372,
         -0.2519, -0.0694],
        [-2.8470,  0.0318,  1.4145, -0.2525, -0.1330,  0.1409,  0.2023, -1.0897,
          0.3491,  1.4639],
        [-1.2609,  0.1257, -3.1092, -0.0827, -0.1520,  0.0495, -0.0360, -0.0616,
         -0.4973, -1.2849]], device='cuda:0')
tensor([-2.2966,  0.1061,  0.7041,  1.0761], device='cuda:0')
