tensor([[ 0.0513,  0.1733,  0.2261,  0.0438, -0.0084, -0.1904,  0.1845, -0.2220,
         -0.1602,  0.0707, -0.1840, -0.1563, -0.1398,  0.1960, -0.1257, -0.1631,
          0.2256,  0.2195],
        [-0.1376, -0.0108, -0.2317,  0.2000, -0.2344, -0.2182, -0.1661,  0.0737,
         -0.1899,  0.1789,  0.1782, -0.1553,  0.0210, -0.1797, -0.1250,  0.0858,
         -0.2120,  0.0969],
        [ 0.0222,  0.1878, -0.1731,  0.2121, -0.1911,  0.1859,  0.0607,  0.1432,
         -0.1069,  0.0157,  0.1995,  0.1191,  0.2356, -0.1194, -0.2305, -0.1959,
         -0.0057,  0.0010],
        [-0.2293,  0.0257,  0.0955,  0.1419, -0.2251, -0.0165, -0.0019,  0.0313,
         -0.0752, -0.0246, -0.1352,  0.0328, -0.0758, -0.0443, -0.2051,  0.0145,
          0.1355, -0.1677]], device='cuda:0')
tensor([ 0.1798, -0.2219, -0.0926, -0.2200], device='cuda:0')
tensor([[-0.0052,  0.1238, -0.3547,  0.2817],
        [ 0.0760, -0.3744,  0.2749,  0.3894]], device='cuda:0')
tensor([-0.1042,  0.3395], device='cuda:0')
