tensor([[ 0.0377, -0.1194, -0.0232, -0.1021, -0.1014,  0.0074, -0.0391, -0.0336,
         -0.1169,  0.2294, -0.0021,  0.0678, -0.2439, -0.2669, -0.1004, -0.1123,
         -0.1863,  0.0856],
        [-0.0525, -0.1467, -0.0427, -0.2257, -0.2584, -0.0980, -0.1357,  0.1499,
         -0.2689, -0.0636, -0.0529,  0.0081, -0.1480,  0.0534,  0.0475,  0.0556,
         -0.1356,  0.2510],
        [ 0.0299,  0.0173,  0.0538, -0.2219, -0.1925, -0.1503, -0.1306, -0.1702,
          0.0108,  0.0127,  0.0218, -0.0039,  0.0102, -0.1933,  0.0695, -0.0477,
          0.2496,  0.1993],
        [-0.0224, -0.3139, -0.1623,  0.0973,  0.0503,  0.0226,  0.1543,  0.0717,
         -0.0527,  0.0238, -0.1149, -0.2531, -0.2078,  0.1863,  0.0145,  0.0753,
         -0.0222, -0.2247]], device='cuda:0')
tensor([ 0.2673, -0.1477, -0.2397, -0.1544], device='cuda:0')
tensor([[ 0.3284, -0.4602, -0.2728,  0.3880],
        [-0.3159,  0.3475,  0.2854, -0.3141]], device='cuda:0')
tensor([0.4996, 0.4999], device='cuda:0')
