tensor([[-0.2698, -0.0765,  0.2052, -0.0545,  0.3147],
        [ 0.2481, -0.6776,  1.7678, -1.9619,  0.1479],
        [-0.1014,  0.0393, -0.0383,  0.0120, -0.1878],
        [-0.4721,  1.1891, -2.9363,  3.2225, -0.1253],
        [ 0.5196, -1.3139,  3.2089, -3.4972,  0.1744]], device='cuda:0')
tensor([-0.1898,  0.0258, -0.2903,  0.1792,  0.0995], device='cuda:0')
tensor([[-0.3382, -0.7357, -0.3587, -1.9174, -0.6201],
        [-0.4513,  1.4840, -0.2371, -1.6271,  2.2219],
        [-0.2586, -0.3516,  0.1112,  0.1307, -0.4120],
        [-0.1688, -0.0276, -0.1992,  0.2408, -0.0528],
        [ 0.2559,  1.3858, -0.4266,  1.9342,  3.0801]], device='cuda:0')
tensor([ 1.0328,  0.7024, -0.3772, -0.3096, -1.0872], device='cuda:0')
tensor([[-0.6962,  1.8121, -4.4803,  4.9298, -0.2206],
        [-0.1396, -0.1233, -0.2967,  0.2846, -0.3889],
        [ 0.0906, -0.0652,  0.4247, -0.1305,  0.7194],
        [-0.3812,  0.4040, -0.5367,  0.6096,  0.4544],
        [-0.3525,  0.8931, -2.2141,  2.4317, -0.0821]], device='cuda:0')
tensor([ 0.5437, -0.2831,  0.0920,  0.0922, -0.1699], device='cuda:0')
tensor([[ 5.8042e-02,  5.0394e-01, -1.6151e-01, -1.5577e-01, -3.5136e-01,
         -5.0907e+00, -4.0754e-02, -2.9942e-02, -6.4497e-01, -1.0166e+00],
        [ 3.0965e-01,  7.4720e-01,  1.9051e-01,  1.9838e-01, -2.4148e+00,
         -7.1175e-01, -1.1207e-02,  4.5219e-01,  5.5070e-01,  4.0446e-03],
        [ 1.6468e+00, -2.4694e+00, -2.5128e-01, -1.3618e-01, -1.8170e+00,
         -1.6160e+00, -1.6075e-02,  1.0500e-01, -2.9852e-01, -3.0354e+00],
        [-1.4409e+00, -1.1815e+00, -2.4384e-01,  2.0784e-03, -1.9762e+00,
          2.2002e+00,  2.5475e-01, -1.2721e-01,  2.2186e-01,  7.3528e-01]],
       device='cuda:0')
tensor([ 0.1433,  0.0137,  2.0059, -1.4952], device='cuda:0')
