tensor([[ 1.0000, -2.3333,  5.3333, -6.0000,  0.0000],
        [-0.3333,  0.0000,  0.0000, -0.3333,  0.0000],
        [-1.0000,  2.3333, -5.6667,  6.0000,  0.0000],
        [-0.3333,  0.0000,  0.0000,  0.3333, -0.3333]], device='cuda:0')
tensor([ 1.3333, -0.3333, -0.6667,  0.0000], device='cuda:0')
tensor([[ 1.6667,  0.0000, -1.6667, -0.3333],
        [-1.6667, -0.3333, -4.0000,  0.3333],
        [-4.3333,  0.0000, -1.6667, -0.3333],
        [-3.3333,  0.3333,  1.6667,  0.3333]], device='cuda:0')
tensor([-1.,  2.,  2., -1.], device='cuda:0')
