tensor([[ 0.0000, -0.3333,  0.3333,  0.0000,  0.0000],
        [ 0.3333, -0.3333,  2.6667, -5.6667,  0.6667],
        [-0.3333,  0.3333, -3.0000,  6.0000, -0.6667],
        [-0.3333,  0.0000,  0.3333, -0.3333, -0.3333]], device='cuda:0')
tensor([ 0.0000,  1.3333, -1.0000,  0.0000], device='cuda:0')
tensor([[ 0.3333,  1.6667, -1.3333,  0.0000],
        [ 0.3333, -1.6667, -3.6667,  0.3333],
        [ 0.3333, -3.6667, -1.6667, -0.3333],
        [ 0.3333, -2.6667,  1.6667,  0.3333]], device='cuda:0')
tensor([-1.,  2.,  2., -1.], device='cuda:0')
