tensor([[ 0.6667, -1.3333,  3.6667, -4.6667,  0.0000],
        [ 0.0000,  0.3333,  0.3333,  0.0000,  0.0000],
        [ 0.0000,  0.3333, -0.3333,  0.0000,  0.0000],
        [-0.3333,  0.0000,  0.0000, -0.3333,  0.3333]], device='cuda:0')
tensor([ 1.3333, -0.3333, -0.3333, -0.3333], device='cuda:0')
tensor([[ 2.3333,  0.0000,  0.0000,  0.3333],
        [ 0.3333,  0.3333, -0.3333,  0.3333],
        [-0.3333,  0.3333,  0.3333,  0.0000],
        [-4.6667,  0.3333, -0.3333, -0.3333]], device='cuda:0')
tensor([-1.6667,  0.0000,  0.3333,  1.0000], device='cuda:0')
