tensor([[ 1.2857,  0.7143,  0.2857,  0.1429,  0.1429,  0.0000, -3.7143, -1.8571,
         -0.8571, -0.4286, -0.2857, -0.1429,  3.8571,  2.0000,  0.5714,  0.4286,
          0.1429,  0.1429],
        [-0.1429, -0.1429, -0.1429,  0.1429,  0.1429, -0.1429,  0.1429, -0.1429,
         -0.0000, -0.1429,  0.0000, -0.0000,  0.0000, -0.1429, -0.0000, -0.1429,
          0.0000, -0.1429],
        [ 0.2857, -0.2857,  0.0000,  0.0000,  0.0000,  0.0000, -0.2857, -0.1429,
         -0.7143,  0.4286,  0.0000,  0.0000,  0.1429,  0.1429, -0.5714, -0.4286,
         -0.1429,  0.0000]], device='cuda:0')
tensor([-0.2857, -0.1429, -0.1429], device='cuda:0')
tensor([[-0.5714, -0.2857,  0.4286],
        [ 0.5714, -0.2857, -0.4286]], device='cuda:0')
tensor([1., 0.], device='cuda:0')
