tensor([[-0.0000, -0.1429,  0.0000,  0.0000,  0.0000, -0.0000,  0.2857, -0.1429,
          0.2857, -0.2857,  0.0000, -0.0000, -0.1429, -0.2857, -0.2857, -0.1429,
         -0.1429, -0.1429],
        [-0.2857,  0.1429,  0.0000, -0.1429, -0.0000, -0.0000, -0.1429,  0.0000,
          0.1429, -0.1429,  0.1429,  0.0000,  0.1429, -0.0000, -0.4286, -0.2857,
         -0.0000, -0.0000],
        [ 1.0000,  0.4286,  0.2857,  0.1429,  0.0000,  0.0000, -3.1429, -1.5714,
         -0.7143, -0.4286, -0.1429, -0.1429,  3.5714,  1.7143,  0.7143,  0.4286,
          0.2857,  0.1429]], device='cuda:0')
tensor([-0.0000, -0.0000, -0.5714], device='cuda:0')
tensor([[ 0.2857, -0.4286, -0.5714],
        [-0.2857,  0.4286,  0.5714]], device='cuda:0')
tensor([1., 0.], device='cuda:0')
