tensor([[-0.0000, -0.1429,  0.0000,  0.1429, -0.1429, -0.0000, -0.1429,  0.0000,
         -0.1429, -0.0000, -0.0000, -0.0000, -0.1429,  0.0000, -0.0000, -0.1429,
          0.0000, -0.1429],
        [-0.5714, -0.4286, -0.1429, -0.0000, -0.0000, -0.0000, -0.2857,  0.1429,
         -0.0000, -0.0000, -0.0000, -0.0000,  3.0000,  0.7143,  0.5714,  0.2857,
          0.1429,  0.1429],
        [-0.5714,  0.0000,  0.0000, -0.0000,  0.0000,  0.0000, -1.1429, -0.5714,
         -0.1429, -0.1429, -0.0000, -0.0000, -0.1429,  1.1429,  0.7143,  0.2857,
          0.1429,  0.0000]], device='cuda:0')
tensor([-0., -1., -1.], device='cuda:0')
tensor([[-0.1429, -0.5714, -1.4286],
        [-0.4286,  0.5714,  1.4286]], device='cuda:0')
tensor([1., 0.], device='cuda:0')
