tensor([[ 0.0000,  0.0000, -0.2857,  0.0000, -0.0000, -0.1429,  0.0000, -0.1429,
          0.1429,  0.0000, -0.0000,  0.0000, -0.1429, -0.2857, -0.1429,  0.1429,
          0.0000, -0.2857],
        [ 0.0000, -0.0000,  0.0000,  0.0000,  0.0000,  0.0000, -0.5714, -0.2857,
         -0.1429, -0.0000, -0.0000, -0.0000,  1.1429,  0.5714,  0.2857,  0.1429,
          0.0000,  0.0000],
        [ 0.0000,  0.0000,  0.0000,  0.0000,  0.0000,  0.0000,  0.7143,  0.4286,
          0.1429,  0.1429,  0.0000,  0.0000, -1.4286, -0.7143, -0.2857, -0.1429,
         -0.1429,  0.0000]], device='cuda:0')
tensor([-0.1429, -0.1429,  1.0000], device='cuda:0')
tensor([[ 0.0000, -0.7143,  0.5714],
        [-0.1429,  0.7143, -0.5714]], device='cuda:0')
tensor([0.4286, 0.5714], device='cuda:0')
