tensor([[-0.1429, -0.0000, -0.1429, -0.2857, -0.0000, -0.1429, -0.0000, -0.1429,
         -0.0000, -0.0000, -0.1429, -0.1429, -0.2857, -0.4286, -0.2857, -0.4286,
         -0.2857, -0.1429],
        [-0.2857, -0.4286, -0.0000, -0.0000, -0.1429, -0.0000, -0.2857, -0.2857,
         -0.4286, -0.2857, -0.1429, -0.1429, -0.1429, -0.2857, -0.1429, -0.1429,
         -0.0000, -0.1429],
        [ 0.0000,  0.1429,  0.0000,  0.0000,  0.0000,  0.0000,  1.2857,  0.7143,
          0.2857,  0.1429,  0.1429,  0.0000, -2.8571, -1.2857, -0.7143, -0.2857,
         -0.1429, -0.1429]], device='cuda:0')
tensor([-0.5714, -0.5714,  2.1429], device='cuda:0')
tensor([[ 0.1429, -0.0000,  0.5714],
        [ 0.0000,  0.1429, -0.5714]], device='cuda:0')
tensor([0., 1.], device='cuda:0')
