tensor([[-0.4286, -0.2857, -0.1429,  0.0000, -0.1429, -0.1429, -0.1429, -0.0000,
         -0.1429,  0.0000, -0.1429, -0.2857,  0.8571, -0.1429, -0.1429, -0.1429,
         -0.1429, -0.1429],
        [ 0.0000,  0.0000,  0.0000,  0.0000,  0.0000,  0.0000, -1.4286, -0.7143,
         -0.4286, -0.1429, -0.1429,  0.0000,  2.8571,  1.4286,  0.7143,  0.2857,
          0.1429,  0.1429],
        [-0.0000,  0.0000,  0.1429, -0.0000,  0.0000, -0.0000,  0.1429,  0.1429,
         -0.1429,  0.1429, -0.1429,  0.1429, -0.0000, -0.1429,  0.0000, -0.1429,
         -0.1429, -0.2857]], device='cuda:0')
tensor([-0.4286, -0.5714, -0.2857], device='cuda:0')
tensor([[-0.2857, -0.4286,  0.1429],
        [ 0.4286,  0.4286, -0.2857]], device='cuda:0')
tensor([1., 0.], device='cuda:0')
