tensor([[ 0.2857,  0.1429,  0.0000,  0.0000,  0.0000,  0.0000,  0.2857,  0.2857,
         -0.2857,  0.0000,  0.0000,  0.0000, -0.5714, -0.4286, -0.4286,  0.0000,
          0.0000,  0.0000],
        [-0.1429, -0.1429, -0.0000, -0.0000, -0.0000, -0.0000, -1.0000, -0.4286,
         -0.2857, -0.1429, -0.0000, -0.0000,  3.0000,  1.1429,  0.5714,  0.2857,
          0.1429,  0.1429],
        [ 0.1429,  0.1429, -0.1429,  0.1429,  0.0000, -0.1429, -0.1429, -0.2857,
          0.1429, -0.1429,  0.1429, -0.2857,  0.0000,  0.0000, -0.1429,  0.0000,
          0.0000, -0.1429]], device='cuda:0')
tensor([ 0.1429, -0.5714, -0.2857], device='cuda:0')
tensor([[ 0.4286, -0.5714,  0.0000],
        [-0.4286,  0.5714, -0.2857]], device='cuda:0')
tensor([1., 0.], device='cuda:0')
