tensor([[-0.2857, -0.1429, -0.1429, -0.0000,  0.0000,  0.0000,  1.8571,  0.8571,
          0.4286,  0.1429,  0.1429,  0.0000, -2.7143, -1.2857, -0.7143, -0.2857,
         -0.1429, -0.1429],
        [ 0.1429, -0.1429,  0.0000, -0.1429, -0.1429, -0.2857,  0.0000,  0.0000,
         -0.1429, -0.1429, -0.1429,  0.0000,  0.0000, -0.1429,  0.0000, -0.1429,
         -0.1429,  0.0000],
        [-0.1429, -0.2857, -0.1429, -0.1429, -0.1429, -0.1429, -0.4286, -0.4286,
         -0.2857, -0.1429, -0.1429, -0.1429,  1.0000,  0.0000, -0.1429, -0.0000,
         -0.1429, -0.1429]], device='cuda:0')
tensor([ 2.0000,  0.0000, -0.2857], device='cuda:0')
tensor([[ 0.5714,  0.1429, -0.4286],
        [-0.5714, -0.5714,  0.4286]], device='cuda:0')
tensor([0., 1.], device='cuda:0')
