tensor([[ 0.7143,  0.4286,  0.1429,  0.1429,  0.0000,  0.0000, -2.7143, -1.2857,
         -0.5714, -0.2857, -0.1429, -0.1429,  3.2857,  1.5714,  0.7143,  0.4286,
          0.1429,  0.1429],
        [ 0.1429,  0.1429,  0.0000, -0.2857,  0.0000, -0.1429,  0.0000, -0.2857,
         -0.1429, -0.0000, -0.0000, -0.1429, -0.1429, -0.1429,  0.1429,  0.0000,
         -0.1429,  0.0000],
        [ 0.0000, -0.1429,  0.0000,  0.0000,  0.0000,  0.0000, -0.1429, -0.1429,
         -0.4286, -0.2857, -0.1429, -0.0000,  0.2857,  0.1429, -0.1429,  0.2857,
          0.0000,  0.0000]], device='cuda:0')
tensor([-0.4286, -0.2857, -0.0000], device='cuda:0')
tensor([[-0.5714, -0.5714, -0.2857],
        [ 0.5714,  0.0000,  0.2857]], device='cuda:0')
tensor([1., 0.], device='cuda:0')
