tensor([[ 0.3333,  0.0000,  0.0000,  0.0000,  0.0000],
        [ 0.0000, -0.3333,  1.6667, -2.6667,  0.0000],
        [-0.3333, -0.3333,  0.0000,  0.3333, -0.3333],
        [-0.3333,  0.3333, -2.0000,  3.3333,  0.0000],
        [-0.3333,  0.3333,  0.0000,  0.3333, -0.3333],
        [ 0.0000,  0.3333, -2.0000,  3.3333,  0.0000],
        [ 0.0000, -0.3333, -0.3333, -0.3333,  0.3333],
        [ 0.0000,  0.0000,  0.6667, -1.0000,  0.0000]], device='cuda:0')
tensor([-0.3333,  0.3333,  0.0000,  0.0000, -0.3333, -0.6667, -0.3333,  1.0000],
       device='cuda:0')
tensor([[ 0.0000,  0.3333,  0.0000, -2.6667,  0.0000, -0.3333,  0.0000,  0.6667],
        [ 0.3333, -3.0000,  0.3333,  0.6667, -0.3333, -2.3333,  0.0000,  0.0000],
        [ 0.0000, -0.3333, -0.3333, -0.3333,  0.0000,  0.0000,  0.0000,  0.0000],
        [ 0.3333, -0.6667, -0.3333,  2.0000,  0.0000,  0.3333, -0.3333, -1.0000]],
       device='cuda:0')
tensor([ 0.3333,  0.6667,  0.0000, -1.0000], device='cuda:0')
