tensor([[-0.3333,  0.3333, -1.0000,  1.3333,  0.0000],
        [-0.3333,  0.3333,  0.3333,  0.3333, -0.3333],
        [-0.6667,  1.6667, -2.6667,  3.0000,  0.0000],
        [-0.3333,  0.3333, -0.3333, -0.3333,  0.0000],
        [ 0.0000,  0.3333,  0.3333, -0.3333, -0.3333],
        [ 0.0000,  0.0000, -0.3333,  0.3333,  0.0000],
        [-0.3333, -0.3333,  0.3333, -0.3333, -0.3333],
        [-0.3333,  0.0000,  0.3333, -0.3333,  0.3333]], device='cuda:0')
tensor([ 0.0000, -0.3333,  0.0000, -0.3333, -0.3333,  0.0000,  0.0000,  0.3333],
       device='cuda:0')
tensor([[-1.0000, -0.3333, -2.3333,  0.0000,  0.0000,  0.0000,  0.0000,  0.3333],
        [ 0.0000,  0.0000, -0.3333,  0.0000,  0.3333, -0.3333,  0.3333, -0.3333],
        [ 0.6667,  0.3333,  0.0000,  0.3333,  0.3333,  0.3333,  0.3333,  0.0000],
        [ 0.6667,  0.0000,  2.3333,  0.3333,  0.0000,  0.0000, -0.3333, -0.3333]],
       device='cuda:0')
tensor([ 1.,  0.,  0., -2.], device='cuda:0')
