tensor([[-1.4566e-01, -2.9117e-01, -5.0645e-02, -1.3941e-01,  1.4718e-01,
          3.6330e-01,  3.1908e-01, -2.4604e-01],
        [-1.9259e-01,  1.9274e-01, -1.7239e-01,  3.6996e-01, -4.1862e-01,
          1.1745e-01,  1.1247e+00, -5.7667e-01],
        [ 7.1308e-02,  5.2226e-02, -3.2364e-01,  2.8355e-01, -6.2706e-01,
         -1.6022e-01,  1.8817e+00, -4.5508e-01],
        [ 1.5907e-01, -3.1722e-01,  6.4094e-01, -8.9512e-01,  1.4566e+00,
          2.1002e-03, -3.7328e+00,  1.4141e+00],
        [-2.1421e-01,  3.6898e-01, -8.0230e-01,  1.0321e+00, -1.7229e+00,
         -3.5874e-02,  4.4315e+00, -1.6868e+00],
        [-9.0223e-02,  1.7967e-01, -4.1837e-01,  5.6308e-01, -9.2459e-01,
          9.8365e-04,  2.3200e+00, -8.8986e-01],
        [ 1.8013e-01,  1.6755e-01,  4.2722e-02, -2.5886e-01,  3.0813e-03,
         -2.6896e-01,  3.2918e-01, -1.3515e-01],
        [ 1.4855e-01, -2.1867e-01,  2.3800e-01, -3.8056e-01,  2.1227e-01,
          2.2957e-01, -6.4205e-01,  5.7957e-01],
        [-1.5805e-01, -2.3671e-01, -3.4814e-01, -2.3741e-01,  2.7220e-01,
         -3.0663e-02, -1.9502e-01, -6.5195e-02],
        [-3.2751e-01, -1.0309e-01, -3.9274e-03,  4.0706e-02, -3.5122e-01,
         -1.3435e-01, -3.1439e-01, -1.2975e-01]], device='cuda:0')
tensor([ 0.1822,  0.0433,  0.0353,  0.6682, -0.5699, -0.4956,  0.0149,  0.1014,
         0.0658, -0.0680], device='cuda:0')
tensor([[-0.0219, -0.1941, -0.0168, -0.2514, -0.0765, -0.2361, -0.0596, -0.2283,
          0.1260,  0.1428],
        [ 0.0846,  0.4619,  0.5967, -0.9643, -2.9023, -0.4231,  0.0626, -0.0458,
          0.2362, -0.2512],
        [ 0.0308, -0.1589, -0.1118, -2.8164, -0.1375, -2.2515,  0.0271, -0.0467,
          0.1917, -0.2643],
        [ 0.1057,  0.9546,  1.3429, -0.8561,  0.5321,  0.1693,  0.1802, -0.8272,
          0.2931, -0.1312]], device='cuda:0')
tensor([-0.2607,  0.6780,  0.8765, -0.8256], device='cuda:0')
