tensor([[ 1.8248e-01, -8.0966e-02, -2.7236e-01, -8.2678e-02,  1.3361e-01,
          3.3988e-01, -1.6398e-01, -7.9990e-02],
        [-1.9178e-01,  4.0302e-01, -8.8331e-01,  1.3622e+00, -2.3130e+00,
          1.1270e+00,  2.9322e+00, -1.1543e+00],
        [-1.4148e-01, -7.1273e-02, -3.0372e-01, -2.4978e-03,  3.2491e-01,
         -1.7288e-01, -1.2632e-01,  7.8387e-02],
        [-1.3118e-01, -2.5339e-01, -1.1670e-01, -2.9052e-02, -3.2061e-01,
         -7.4706e-02, -3.4610e-01, -1.0602e-02],
        [-4.7923e-02, -1.9010e-01,  2.2657e-02,  3.7290e-01, -3.4095e-01,
          1.0575e-01, -3.7093e-01, -1.9798e-01],
        [ 1.2917e-01,  1.5649e-01,  4.1909e-02,  7.2105e-02, -8.4816e-02,
         -1.9060e-02, -4.8615e-03, -1.4350e-01],
        [-3.1797e-01, -1.5785e-01, -9.0203e-03, -2.7858e-01,  5.0359e-02,
         -2.0887e-01, -9.8981e-02,  2.1225e-01],
        [ 3.9417e-01, -8.2800e-01,  1.5604e+00, -2.1360e+00,  3.2337e+00,
         -1.6539e+00, -3.3637e+00,  1.3355e+00],
        [ 1.5094e-01, -4.3297e-01,  6.5108e-01, -7.3444e-01,  8.5432e-01,
         -4.0771e-01, -8.4339e-01,  2.9797e-01],
        [-2.1971e-02,  2.9630e-01, -1.4111e-01, -3.3602e-01, -2.2068e-01,
         -1.1075e-01, -1.9881e-01, -6.2873e-02]], device='cuda:0')
tensor([-0.3064, -0.4865, -0.1168, -0.1794,  0.3783, -0.2931,  0.1868,  0.8387,
         0.4387,  0.0264], device='cuda:0')
tensor([[ 0.1363, -0.7233,  0.2629, -0.1027, -0.3499, -0.1190,  0.0193,  1.0921,
          1.2834,  0.0068],
        [-0.2424, -2.6479, -0.1203, -0.0044, -0.1313,  0.2782, -0.2339, -0.9472,
          0.3563,  0.1382],
        [ 0.1009, -0.8851, -0.1430,  0.2388,  0.0947,  0.0189,  0.3096, -2.9272,
          0.4043,  0.0162],
        [ 0.1772, -0.1427, -0.1455, -0.0985, -0.0625, -0.1899,  0.0824,  0.0181,
         -0.1037, -0.3065]], device='cuda:0')
tensor([-0.4041,  0.7556,  0.7376, -0.2713], device='cuda:0')
