tensor([[-3.1465e-01, -1.2536e-01, -3.4299e-01,  2.2644e-01, -8.5992e-02,
         -1.8393e-02,  4.7685e-02, -3.1871e-01],
        [ 1.0435e-01,  1.5040e-01, -2.9460e-01,  2.7780e-01,  1.9075e-01,
         -8.5107e-02, -1.1529e-01, -1.5780e-02],
        [-1.8271e-02, -2.6736e-01, -3.2489e-01, -9.5792e-02, -3.6794e-01,
          1.9477e-01,  2.7017e-01, -1.7222e-02],
        [ 1.0109e-01,  1.4813e-01,  1.3275e-01, -1.0131e-01,  7.1749e-02,
          1.8595e-01, -3.3166e-01,  2.0802e-01],
        [ 3.4251e-01, -2.6084e-01, -2.9190e-01, -2.0244e-01, -2.8519e-01,
          2.9939e-01,  2.0451e-01, -3.2910e-01],
        [-3.0976e-01,  1.9165e-01, -3.7836e-02, -2.3589e-04, -4.6226e-02,
         -2.3137e-01,  1.3493e-01, -1.1968e-01],
        [-1.2125e-01, -1.8813e-01,  5.1679e-02, -1.1210e-01,  3.3697e-02,
         -3.5835e-01,  1.8557e+00, -6.0450e-01],
        [ 1.5008e-01,  1.0781e-01,  1.0718e-02, -1.9665e-02, -1.4213e-02,
         -9.0052e-01,  1.7078e+00, -6.1350e-01],
        [ 1.1482e-02, -1.0269e-01, -2.0028e-01, -1.9541e-01, -3.3207e-01,
          1.0822e-01, -1.2994e-01,  2.7678e-01],
        [ 6.1078e-02, -4.9282e-02,  1.5342e-01, -6.9715e-02,  1.9573e-01,
          1.2600e+00, -3.9106e+00,  1.3695e+00]], device='cuda:0')
tensor([-0.2066, -0.2552,  0.0486,  0.0900, -0.3267, -0.1296, -0.1514, -0.0201,
         0.0999,  0.9077], device='cuda:0')
tensor([[-1.0855e-01,  2.4730e-01, -2.4767e-01, -1.7832e-01,  8.6192e-02,
          2.7235e-01, -3.3558e-02,  1.4637e-01,  2.6873e-01, -1.4309e-01],
        [-3.7078e-02, -2.9886e-01,  2.7352e-01, -1.3926e-01,  2.1781e-02,
         -2.7886e-01, -3.0007e-01, -1.5899e-01,  7.5836e-02, -3.8479e-02],
        [-2.0822e-01, -7.8378e-02, -2.9263e-01, -1.3421e-01, -3.0466e-01,
          2.6245e-02, -8.3189e-02, -3.1123e-02,  1.2609e-01,  7.5378e-02],
        [-6.4588e-02,  2.6197e-01, -6.1737e-02, -2.7429e-01,  1.9385e-01,
          8.3533e-02,  1.2839e+00,  1.3731e+00,  1.5467e-03, -3.4900e+00]],
       device='cuda:0')
tensor([-0.0492, -0.1177, -0.2238,  0.0143], device='cuda:0')
