tensor([[-2.9170e-01, -5.7572e-02, -2.0686e-01,  1.1842e-01,  3.3135e-01,
         -3.8364e-01,  6.0521e-03, -1.9935e-02],
        [-1.3423e-01,  3.5410e-01, -7.2272e-01,  1.1471e+00, -2.0137e+00,
          1.9650e+00,  3.1450e-02,  3.4980e-03],
        [-1.6789e-01,  4.5856e-03, -1.1224e-01, -3.0375e-02,  1.7816e-01,
         -2.7439e-01, -3.1065e-01,  8.8681e-02],
        [ 1.3427e-01, -3.1118e-01,  5.6651e-01, -8.3200e-01,  1.3500e+00,
         -1.3201e+00,  7.4793e-02, -5.2199e-02],
        [-2.1058e-01,  1.3256e-02, -3.2871e-02, -1.7611e-01, -5.8483e-02,
          3.1238e-02,  4.5349e-02, -3.2461e-02],
        [-1.9735e-01,  4.6133e-01, -1.0326e+00,  1.7543e+00, -3.2206e+00,
          3.1732e+00,  1.8992e-01, -7.8136e-02],
        [ 1.8892e-01, -4.7394e-01,  9.6406e-01, -1.5466e+00,  2.7090e+00,
         -2.6390e+00, -6.2106e-02,  1.5595e-02],
        [-3.3306e-01,  7.8604e-01, -1.7424e+00,  2.9658e+00, -5.4356e+00,
          5.3541e+00,  3.2421e-01, -1.3155e-01],
        [-1.9835e-01,  2.3731e-01, -4.8237e-01,  7.5670e-01, -9.4575e-01,
          9.4705e-01, -3.5388e-01,  1.1813e-01],
        [ 3.0645e-01, -7.1189e-01,  1.6141e+00, -2.7594e+00,  5.0984e+00,
         -5.0150e+00, -3.4934e-01,  1.4933e-01]], device='cuda:0')
tensor([ 0.1565, -0.0564, -0.3457,  0.2531, -0.3187, -0.7016,  0.7499, -0.6507,
         0.2149,  0.9396], device='cuda:0')
tensor([[ 0.1387, -1.2786,  0.1232,  0.8253,  0.2828,  0.0198,  1.2203, -1.3355,
         -0.5392,  0.8840],
        [-0.2073,  0.5656, -0.1777,  0.0434,  0.2196, -0.8978, -0.2597, -4.2773,
          0.3259, -1.7392],
        [ 0.1813, -0.2580,  0.3052, -0.6862,  0.1919, -3.3271,  0.3068, -0.1238,
         -0.1814, -3.8077],
        [ 0.2052,  0.9638, -0.0727, -0.6343, -0.2736,  0.0624, -2.0491,  0.8396,
          0.5851, -0.9186]], device='cuda:0')
tensor([-0.7203,  1.5736,  1.1268, -0.5699], device='cuda:0')
