tensor([[-2.6664e-01, -3.1091e-01,  1.9079e-01, -2.7447e-01, -7.5599e-02,
         -1.3656e-01, -3.0960e-01,  6.4894e-02],
        [ 4.9567e-01, -1.1043e+00,  1.9989e+00, -2.7799e+00,  3.9877e+00,
         -2.9805e+00, -1.2489e+00,  5.1581e-01],
        [-2.8887e-01,  1.4719e-01, -4.7498e-02,  2.9905e-01,  1.9710e-01,
         -2.2855e-01, -5.3871e-03,  4.7114e-02],
        [-4.6714e-01,  1.0059e+00, -1.8678e+00,  2.6355e+00, -3.9344e+00,
          2.9133e+00,  1.4399e+00, -6.1258e-01],
        [ 3.2051e-01, -7.0880e-01,  1.3718e+00, -1.9758e+00,  2.9527e+00,
         -2.1533e+00, -1.2407e+00,  5.2919e-01],
        [ 2.8790e-03, -8.7822e-02,  1.6903e-01, -2.2808e-01,  4.6557e-02,
          1.1091e-01, -2.0924e-01,  1.2201e-01],
        [ 1.2604e-01, -1.8583e-01,  1.1586e-01,  1.6219e-01,  9.6426e-02,
         -2.9433e-01, -3.1799e-01,  5.6058e-02],
        [-2.7002e-01,  2.6483e-01, -2.6849e-01,  7.8874e-02,  9.9887e-02,
         -6.6585e-02, -9.5814e-02,  1.5454e-01],
        [-2.3922e-01,  1.1238e-01,  2.4169e-01,  2.4186e-01, -6.6657e-02,
          7.7509e-02, -1.9874e-01, -2.4384e-01],
        [ 2.2205e-01, -1.4537e-01,  5.1023e-02,  2.3180e-01, -2.3941e-01,
         -2.9428e-01, -3.0311e-01, -2.8809e-01]], device='cuda:0')
tensor([ 0.1748,  1.0795, -0.3093, -0.4426,  0.3821,  0.2106, -0.3045, -0.0662,
        -0.3481,  0.1509], device='cuda:0')
tensor([[-0.0663,  1.4635, -0.1251, -1.3017,  0.6079,  0.1520, -0.0223, -0.1889,
          0.1619,  0.0192],
        [ 0.0849, -0.4031,  0.1205, -2.8375, -2.5598,  0.4148,  0.2982,  0.0326,
          0.0339, -0.2397],
        [ 0.2557,  0.0160, -0.3114, -0.1023,  0.0907,  0.0853, -0.2963,  0.2696,
         -0.2334, -0.1952],
        [ 0.1081, -1.9956, -0.0867,  0.8610, -0.8778,  0.0994,  0.1632,  0.1400,
         -0.2743,  0.2991]], device='cuda:0')
tensor([-0.7794,  1.1086, -0.1869,  0.2580], device='cuda:0')
