tensor([[-5.6792e-03, -2.1080e-04, -4.5646e-02,  9.8553e-02, -3.1940e-01,
         -4.0789e-01,  2.0922e+00, -7.2178e-01],
        [ 6.8955e-02, -8.6234e-02, -2.3390e-01,  2.2981e-01, -1.9024e-01,
         -3.4381e-01,  1.1619e+00, -5.2358e-01],
        [-2.7778e-01,  3.3509e-02, -3.0473e-01,  7.5695e-04,  1.7647e-01,
         -1.0472e-01,  2.7927e-01,  2.7051e-01],
        [ 1.2972e-02, -1.2701e-01,  6.9917e-02,  6.3597e-02,  2.7743e-01,
         -3.7185e-01, -4.0701e-01, -5.2220e-02],
        [-5.1583e-02,  1.8147e-01,  2.2045e-02, -3.4932e-02,  3.5652e-01,
         -3.5436e-01, -6.4854e-01,  1.3135e-02],
        [-1.3949e-01,  1.8915e-01, -2.0356e-01,  1.5390e-01, -1.9514e-01,
         -6.4689e-01,  2.1484e+00, -8.0253e-01],
        [-7.2199e-02,  1.0166e-01, -3.1095e-01,  3.4287e-01, -6.5765e-01,
         -8.9936e-01,  4.0833e+00, -1.5029e+00],
        [ 9.5603e-02, -1.1322e-01,  3.2367e-01, -3.2693e-01,  6.5928e-01,
          1.2081e+00, -5.1255e+00,  1.8658e+00],
        [-2.4530e-01,  2.7461e-02, -1.1419e-01,  3.7416e-02, -1.4507e-01,
          1.6286e-01,  2.1107e-02, -2.9499e-01],
        [-3.3986e-02,  2.2495e-02, -3.3701e-02, -1.1316e-03, -1.2356e-01,
         -4.3227e-01,  1.6969e+00, -5.9091e-01]], device='cuda:0')
tensor([-0.1112,  0.0697, -0.3448,  0.2063,  0.4474, -0.3354, -0.7347,  0.8716,
        -0.0248, -0.0691], device='cuda:0')
tensor([[-1.0099, -0.5433, -0.1019, -0.0684, -0.2308, -0.4925, -0.8024,  1.3519,
         -0.2438, -1.0006],
        [-0.0679,  0.1788, -0.1857,  0.1384,  0.0645, -0.0569, -0.1706, -0.2342,
          0.1040,  0.3070],
        [-0.3116, -0.1302, -0.0499, -0.3328,  0.2143, -0.8352, -2.2116, -2.9264,
          0.2664, -0.2289],
        [ 0.7295,  0.4958, -0.2033, -0.1627, -0.1261,  0.7777,  0.9103, -2.3329,
         -0.0916,  0.5745]], device='cuda:0')
tensor([-0.1447, -0.1716,  1.1479, -0.3331], device='cuda:0')
