tensor([[ 1.3553e-01,  1.6882e-01, -9.7014e-02, -8.7038e-02, -3.0450e-01,
         -6.3661e-03,  1.5581e-01, -3.5957e-01],
        [ 2.2877e-01, -1.8502e-01, -1.7679e-01,  9.5744e-02, -3.0801e-01,
         -3.3027e-01,  2.3415e-01, -3.2598e-01],
        [ 6.0014e-02, -4.1618e-02,  3.2336e-01, -7.5297e-01,  2.5882e+00,
         -3.4692e+00, -2.5129e-02,  1.5053e-02],
        [-7.8419e-02,  6.1851e-02, -4.7311e-01,  1.1166e+00, -3.8172e+00,
          5.1268e+00,  3.3784e-02, -3.2157e-02],
        [-3.3653e-02,  6.0036e-02, -2.8461e-01,  7.0539e-01, -2.3506e+00,
          3.1655e+00,  3.5788e-02, -2.8813e-02],
        [ 3.4367e-01,  2.4471e-01, -1.9999e-01,  9.8156e-02,  9.2268e-02,
         -3.1181e-01,  1.3638e-01, -2.4372e-01],
        [-4.9904e-02, -6.0862e-02, -3.1486e-01, -1.5247e-02, -1.5319e-01,
         -2.3471e-01,  3.4688e-01, -3.0544e-01],
        [ 7.0786e-02, -5.6084e-02,  4.2241e-01, -9.8177e-01,  3.2825e+00,
         -4.4184e+00,  4.4306e-03,  4.4563e-03],
        [ 1.1159e-01,  1.1305e-02,  2.0359e-01, -2.3941e-01,  7.9590e-01,
         -9.7548e-01,  1.3582e-01, -9.0174e-02],
        [-1.2986e-01,  4.6983e-02,  7.9176e-03, -1.8688e-01, -1.8559e-02,
         -2.4564e-01,  2.6678e-01, -5.0618e-02]], device='cuda:0')
tensor([ 0.0116, -0.0135,  0.6891, -0.7000, -0.1454, -0.3405, -0.1454,  1.0512,
         0.5545,  0.2735], device='cuda:0')
tensor([[ 1.1305e-01, -1.4166e-03,  4.3845e-01, -2.5527e-01, -1.6309e+00,
         -2.9264e-01,  8.1666e-03,  8.2926e-01,  2.3307e-01,  1.9940e-01],
        [-5.9078e-03, -2.2067e-01, -2.1620e+00, -3.6805e+00,  8.9466e-01,
         -8.7147e-02,  2.4706e-02,  8.6526e-02, -1.1483e-01, -1.0513e-01],
        [ 7.0243e-02,  2.7263e-01, -2.5167e+00, -1.4719e+00, -6.0254e-01,
          1.3960e-01,  2.6845e-01, -3.5400e+00,  5.3289e-01,  1.9314e-01],
        [ 2.7062e-01, -8.5719e-02, -1.3357e-01,  7.3233e-01,  1.6782e+00,
          4.3047e-02,  9.8250e-02, -1.7919e+00, -6.7782e-01, -1.1054e-01]],
       device='cuda:0')
tensor([-0.2562,  1.3148,  1.9554, -1.2438], device='cuda:0')
