tensor([[ 3.5216e-01, -8.1718e-01,  1.6616e+00, -2.6322e+00,  4.4204e+00,
         -3.8857e+00, -9.1255e-01,  3.8764e-01],
        [ 4.9372e-02, -8.8784e-02, -2.7254e-01, -1.7072e-01, -9.3640e-02,
          1.3592e-02, -1.5501e-01, -7.8988e-02],
        [ 2.4863e-01, -2.9934e-02, -2.5821e-01,  1.9260e-01,  5.6982e-02,
         -6.1335e-02,  1.7751e-01, -2.4136e-01],
        [-2.9877e-01,  3.7072e-01, -5.3210e-01,  7.8192e-01, -1.5020e+00,
          1.3700e+00,  1.1298e-01,  3.4179e-02],
        [-2.2643e-01,  5.6545e-01, -8.3800e-01,  1.1574e+00, -1.5602e+00,
          1.3064e+00,  2.1424e-02, -3.3775e-03],
        [ 1.5151e-01, -3.1872e-01,  7.2202e-01, -1.1626e+00,  2.0658e+00,
         -1.8186e+00, -5.3138e-01,  2.1624e-01],
        [ 1.8736e-01, -1.6302e-01,  3.6176e-01, -8.0702e-01,  1.1134e+00,
         -7.2591e-01, -1.0173e-01, -2.2994e-02],
        [-2.6975e-01, -4.0938e-02,  2.2361e-01, -6.5400e-02, -2.0898e-01,
          3.3305e-01, -9.1573e-03, -3.0629e-01],
        [ 9.3056e-03,  2.6020e-01, -8.6198e-01,  1.1160e+00, -1.6408e+00,
          1.4925e+00,  8.3346e-02, -1.6287e-01],
        [-4.7322e-01,  1.0441e+00, -2.1701e+00,  3.3981e+00, -5.6814e+00,
          4.9641e+00,  1.0901e+00, -4.6238e-01]], device='cuda:0')
tensor([ 0.8186, -0.1565, -0.2352,  0.0168, -0.0513,  0.2852,  0.1639, -0.0651,
         0.0452, -0.7980], device='cuda:0')
tensor([[-0.1304, -0.2431,  0.1908, -0.1839, -0.2188,  0.2925, -0.1113,  0.1713,
         -0.1648,  0.0659],
        [-0.2132,  0.2223, -0.1884,  0.6048,  0.4023, -2.2776, -0.1657,  0.2921,
          0.5127, -3.7256],
        [-3.4721, -0.2027, -0.2728, -0.0905,  0.0752, -0.7969, -0.2067,  0.1927,
          0.0331, -0.9592],
        [-1.9073, -0.1076,  0.2597,  0.9290,  1.1118, -0.6447, -0.9288,  0.3030,
          1.1110,  0.7532]], device='cuda:0')
tensor([-0.0136,  0.6478,  1.0694, -1.1201], device='cuda:0')
