tensor([[-3.3749e-02, -1.0666e-02, -7.0747e-02, -4.5820e-02, -5.0250e-02,
         -1.5327e+00,  4.1573e+00, -1.2674e+00],
        [ 3.2976e-02, -1.3862e-01,  4.4169e-02,  1.3082e-03,  1.0031e-01,
         -6.4240e-01,  1.2615e+00, -3.3879e-01],
        [-2.5035e-01, -3.7970e-02, -7.1541e-02,  1.3367e-01, -3.1294e-01,
          2.3628e-01, -6.4565e-02, -1.3704e-01],
        [-2.8035e-01, -1.4827e-01,  2.6083e-01,  2.5790e-01, -1.4655e-01,
         -1.3001e-01, -3.4802e-01, -9.0741e-02],
        [ 1.0536e-01,  2.1976e-01, -2.1168e-01, -3.1101e-01, -1.6727e-01,
          4.3380e-02,  2.2172e-01, -2.5682e-01],
        [ 4.9475e-02,  2.6236e-02,  9.7027e-02,  4.2557e-02,  7.6913e-02,
          2.0593e+00, -5.5660e+00,  1.6656e+00],
        [-5.7311e-02, -1.5208e-01, -9.6355e-02,  1.3241e-01,  9.6230e-03,
         -2.5722e-01,  2.6319e-01, -1.5200e-01],
        [-4.2843e-02, -8.1652e-03, -7.0879e-02, -6.9505e-02, -3.7880e-02,
         -1.6720e+00,  4.5157e+00, -1.3547e+00],
        [ 7.7618e-02, -6.7403e-02,  3.0581e-03,  6.9038e-02,  3.7548e-02,
          2.7087e-01, -9.3318e-01,  2.0837e-01],
        [-4.9780e-02, -2.1702e-02, -1.0157e-01, -7.4327e-02, -5.8369e-02,
         -2.5297e+00,  6.8098e+00, -2.0451e+00]], device='cuda:0')
tensor([-0.8168, -0.0111, -0.0489, -0.0991,  0.3010,  0.9292, -0.1462, -0.1237,
         0.1106, -0.6843], device='cuda:0')
tensor([[-0.5875, -0.5267, -0.1071, -0.2598, -0.0744,  0.6437, -0.2095, -2.9510,
          0.1154, -1.4792],
        [-0.5587,  0.3770, -0.1276,  0.0634,  0.0785, -1.3834,  0.1464,  0.9864,
         -0.5554, -4.7340],
        [-3.7738, -0.0960,  0.0927, -0.0880,  0.0372, -3.7542, -0.0470, -0.2734,
         -0.4296,  0.0317],
        [ 0.0649,  0.4149, -0.1088,  0.0478,  0.0462, -0.8863,  0.1727,  1.1945,
         -0.0411,  0.8272]], device='cuda:0')
tensor([ 0.4275,  1.2104,  1.1869, -1.4763], device='cuda:0')
