tensor([[ 2.5309e-01,  2.8565e-01, -2.0523e-01, -3.9788e-02,  4.9725e-03,
         -2.8634e-01, -1.9586e-01, -1.4716e-01],
        [ 5.3454e-02, -9.4724e-02,  2.5902e-01, -4.6595e-01,  8.5987e-01,
         -8.9949e-01,  2.1086e-01, -6.4350e-02],
        [ 1.3140e-01, -2.2134e-01,  3.3363e-01,  1.8671e-01, -3.1255e-01,
         -1.6978e-01,  1.8669e-01, -7.3746e-02],
        [-3.1343e-01,  1.0668e-01,  1.3870e-01, -2.5585e-01, -6.0641e-02,
          2.5023e-01, -1.2525e-01, -2.8822e-01],
        [ 1.3142e-01, -2.7729e-01,  7.5083e-01, -1.4103e+00,  3.0633e+00,
         -3.3681e+00, -7.8665e-02,  2.4429e-02],
        [-2.3109e-01,  4.7778e-01, -1.2980e+00,  2.4206e+00, -5.2565e+00,
          5.7668e+00,  1.2247e-01, -4.4637e-02],
        [-2.2079e-01,  2.8654e-01, -1.2350e-01,  4.1290e-02, -3.5182e-01,
          1.4638e-01, -3.1212e-02, -4.5513e-02],
        [ 2.1202e-01, -4.5592e-01,  1.2102e+00, -2.2740e+00,  4.9007e+00,
         -5.3867e+00, -9.9313e-02,  2.7829e-02],
        [-2.6714e-03,  2.6379e-01, -2.3533e-01, -2.7817e-01,  3.1310e-01,
          5.0124e-02,  2.5127e-02, -5.1535e-02],
        [-1.2192e-01, -2.7492e-01,  3.4199e-01, -2.9777e-01,  1.3946e-01,
         -1.3026e-01, -2.3045e-01,  3.2687e-02]], device='cuda:0')
tensor([-0.2549,  0.3323, -0.2680,  0.0583,  0.3774, -0.8933, -0.2187,  1.1496,
        -0.1972,  0.0164], device='cuda:0')
tensor([[ 7.9722e-02,  6.0230e-01,  1.0413e-01,  1.6269e-01,  6.3139e-01,
         -1.5960e+00,  9.1501e-02,  1.5184e+00,  1.7329e-01,  1.8476e-01],
        [-2.0516e-01, -3.4361e-01,  2.1685e-02, -7.0245e-04, -3.3973e+00,
         -3.3480e+00,  2.6093e-01, -1.8710e-02, -1.7042e-01, -1.6570e-01],
        [ 6.2633e-02,  2.8724e-01, -2.9140e-01, -1.8775e-01, -3.6666e-01,
         -1.8338e+00, -2.6126e-01, -3.8028e+00,  2.1415e-01,  9.8595e-02],
        [-2.2673e-01, -6.9437e-01,  2.9046e-01,  4.2294e-03, -2.4488e-02,
          1.7743e+00, -1.9657e-01, -5.3543e-01, -3.1306e-01, -1.1949e-01]],
       device='cuda:0')
tensor([-1.0097,  1.1060,  1.6505, -0.6111], device='cuda:0')
