tensor([[-0.3519,  0.0233, -0.3355,  0.2774, -0.2103,  0.1971, -0.2913,  0.2341],
        [-0.0921, -0.1392,  0.0697,  0.2299,  0.0424, -0.2393, -0.3618,  0.1700],
        [-0.0833, -0.0864, -0.3836,  0.5686, -1.4882,  1.7353, -0.1675,  0.0425],
        [ 0.0991, -0.1778,  0.1513,  0.2770,  0.2219, -0.4328, -0.2132, -0.2640],
        [-0.0809,  0.1899, -0.4993,  1.1015, -2.9551,  3.5751,  0.0350, -0.0128],
        [ 0.0460, -0.1396,  0.1219, -0.1223, -0.1089,  0.1667,  0.3194,  0.0373],
        [-0.0257,  0.2091, -0.5721,  1.4757, -3.8393,  4.8894,  0.2310,  0.0134],
        [ 0.1765, -0.1838,  0.3136, -0.1336,  0.1341,  0.0885,  0.0592, -0.0535],
        [ 0.0400, -0.3343, -0.0314, -0.2229,  0.7340, -0.5990,  0.1434,  0.0923],
        [ 0.1293, -0.1816,  0.8153, -1.6704,  4.5768, -5.6175, -0.1180,  0.0599]],
       device='cuda:0')
tensor([-0.2571,  0.1387, -0.1338,  0.0399, -0.2427, -0.1730, -0.5609, -0.3529,
        -0.0129,  1.5822], device='cuda:0')
tensor([[ 0.2728, -0.1798, -1.1732, -0.0294, -1.8618, -0.2961, -0.7378,  0.3061,
          0.2942,  1.0691],
        [ 0.1742, -0.1252,  0.8722, -0.2740, -1.9263,  0.1731, -3.3247, -0.0607,
         -0.2311, -1.3415],
        [-0.2955, -0.0609, -0.6270,  0.2574, -0.0170, -0.3771, -1.6394,  0.0542,
          0.3036, -3.6288],
        [ 0.2413, -0.2200,  0.6502,  0.2111,  1.3888, -0.1247,  0.3893, -0.2658,
         -0.3896, -1.6409]], device='cuda:0')
tensor([-0.5795,  1.4514,  1.6105, -1.0286], device='cuda:0')
